{"producer":{"name":"3dsmax","version":"2019","exporter_version":"1.3.33","file":"Test.babylon"},"autoClear":true,"clearColor":[0.0,0.0,0.0],"ambientColor":[0.0,0.0,0.0],"fogMode":0,"fogColor":null,"fogStart":0.0,"fogEnd":0.0,"fogDensity":0.0,"gravity":[0.0,0.0,0.0],"physicsEngine":null,"physicsEnabled":false,"physicsGravity":null,"lights":[{"direction":[0.0,1.0,0.0],"type":3,"diffuse":[1.0,1.0,1.0],"specular":[1.0,1.0,1.0],"intensity":1.0,"range":3.40282347E+38,"exponent":0.0,"angle":0.0,"groundColor":[0.0,0.0,0.0],"excludedMeshesIds":null,"includedOnlyMeshesIds":null,"metadata":null,"name":"Default light","id":"2bd678b3-d17b-4854-9ad3-398a73d7383e","parentId":null,"position":[0.0,0.0,0.0],"animations":null,"autoAnimate":false,"autoAnimateFrom":0,"autoAnimateTo":0,"autoAnimateLoop":false}],"meshes":[{"materialId":null,"isEnabled":true,"isVisible":true,"positions":null,"normals":null,"tangents":null,"uvs":null,"uvs2":null,"colors":null,"hasVertexAlpha":false,"matricesIndices":null,"matricesWeights":null,"matricesIndicesExtra":null,"matricesWeightsExtra":null,"indices":null,"receiveShadows":false,"infiniteDistance":false,"billboardMode":0,"visibility":1.0,"subMeshes":null,"instances":null,"skeletonId":-1,"numBoneInfluencers":4,"applyFog":false,"metadata":null,"rotation":null,"scaling":[1.0,1.0,1.0],"rotationQuaternion":[0.0,-0.7071,0.0,0.7071],"actions":null,"checkCollisions":false,"pickable":true,"showBoundingBox":false,"showSubMeshesBoundingBox":false,"alphaIndex":0,"physicsImpostor":0,"physicsMass":0.0,"physicsFriction":0.0,"physicsRestitution":0.0,"name":"Bone003","id":"6401ed58-43ef-4a56-80e1-824c32997f39","parentId":null,"position":[-47.7685,0.0,14.5967],"animations":[{"name":"rotationQuaternion animation","property":"rotationQuaternion","dataType":2,"enableBlending":false,"blendingSpeed":0.01,"loopBehavior":1,"framePerSecond":30,"keys":[{"frame":0,"values":[0.0,-0.7071,0.0,0.7071]},{"frame":7,"values":[-0.0061,-0.7071,0.0061,0.7071]},{"frame":46,"values":[-0.1126,-0.6981,0.1126,0.6981]},{"frame":100,"values":[-0.1147,-0.6977,0.1147,0.6977]}]}],"autoAnimate":true,"autoAnimateFrom":0,"autoAnimateTo":100,"autoAnimateLoop":true},{"materialId":null,"isEnabled":true,"isVisible":true,"positions":null,"normals":null,"tangents":null,"uvs":null,"uvs2":null,"colors":null,"hasVertexAlpha":false,"matricesIndices":null,"matricesWeights":null,"matricesIndicesExtra":null,"matricesWeightsExtra":null,"indices":null,"receiveShadows":false,"infiniteDistance":false,"billboardMode":0,"visibility":1.0,"subMeshes":null,"instances":null,"skeletonId":-1,"numBoneInfluencers":4,"applyFog":false,"metadata":null,"rotation":null,"scaling":[1.0,1.0,1.0],"rotationQuaternion":[0.0,0.0,0.0,1.0],"actions":null,"checkCollisions":false,"pickable":true,"showBoundingBox":false,"showSubMeshesBoundingBox":false,"alphaIndex":0,"physicsImpostor":0,"physicsMass":0.0,"physicsFriction":0.0,"physicsRestitution":0.0,"name":"Bone004","id":"668d4b41-3f79-488a-9957-c0c4fc73a0a6","parentId":"6401ed58-43ef-4a56-80e1-824c32997f39","position":[27.1119,0.0,0.0],"animations":[{"name":"rotationQuaternion animation","property":"rotationQuaternion","dataType":2,"enableBlending":false,"blendingSpeed":0.01,"loopBehavior":1,"framePerSecond":30,"keys":[{"frame":0,"values":[0.0,0.0,0.0,1.0]},{"frame":1,"values":[0.0,0.0,0.0006,1.0]},{"frame":3,"values":[0.0,0.0,0.0052,1.0]},{"frame":5,"values":[0.0,0.0,0.014,0.9999]},{"frame":8,"values":[0.0,0.0,0.0343,0.9994]},{"frame":11,"values":[0.0,0.0,0.0619,0.9981]},{"frame":15,"values":[0.0,0.0,0.1077,0.9942]},{"frame":21,"values":[0.0,0.0,0.1892,0.9819]},{"frame":30,"values":[0.0,0.0,0.3182,0.948]},{"frame":36,"values":[0.0,0.0,0.3932,0.9195]},{"frame":40,"values":[0.0,0.0,0.4329,0.9014]},{"frame":43,"values":[0.0,0.0,0.4556,0.8902]},{"frame":46,"values":[0.0,0.0,0.4712,0.882]},{"frame":49,"values":[0.0,0.0,0.4786,0.878]},{"frame":100,"values":[0.0,0.0,0.4791,0.8777]}]}],"autoAnimate":true,"autoAnimateFrom":0,"autoAnimateTo":100,"autoAnimateLoop":true},{"materialId":null,"isEnabled":true,"isVisible":true,"positions":[-4.559,0.0,-16.8623,-4.559,0.0,16.8623,4.559,0.0,16.8623,4.559,0.0,16.8623,4.559,0.0,-16.8623,-4.559,0.0,-16.8623,-4.559,8.0074,-16.8623,4.559,8.0074,-16.8623,4.559,8.0074,16.8623,4.559,8.0074,16.8623,-4.559,8.0074,16.8623,-4.559,8.0074,-16.8623,-4.559,0.0,-16.8623,4.559,0.0,-16.8623,4.559,8.0074,-16.8623,4.559,8.0074,-16.8623,-4.559,8.0074,-16.8623,-4.559,0.0,-16.8623,4.559,0.0,-16.8623,4.559,0.0,16.8623,4.559,8.0074,16.8623,4.559,8.0074,16.8623,4.559,8.0074,-16.8623,4.559,0.0,-16.8623,4.559,0.0,16.8623,-4.559,0.0,16.8623,-4.559,8.0074,16.8623,-4.559,8.0074,16.8623,4.559,8.0074,16.8623,4.559,0.0,16.8623,-4.559,0.0,16.8623,-4.559,0.0,-16.8623,-4.559,8.0074,-16.8623,-4.559,8.0074,-16.8623,-4.559,8.0074,16.8623,-4.559,0.0,16.8623],"normals":[0.0,-1.0,0.0,0.0,-1.0,0.0,0.0,-1.0,0.0,0.0,-1.0,0.0,0.0,-1.0,0.0,0.0,-1.0,0.0,0.0,1.0,0.0,0.0,1.0,0.0,0.0,1.0,0.0,0.0,1.0,0.0,0.0,1.0,0.0,0.0,1.0,0.0,0.0,0.0,-1.0,0.0,0.0,-1.0,0.0,0.0,-1.0,0.0,0.0,-1.0,0.0,0.0,-1.0,0.0,0.0,-1.0,1.0,0.0,0.0,1.0,0.0,0.0,1.0,0.0,0.0,1.0,0.0,0.0,1.0,0.0,0.0,1.0,0.0,0.0,0.0,0.0,1.0,0.0,0.0,1.0,0.0,0.0,1.0,0.0,0.0,1.0,0.0,0.0,1.0,0.0,0.0,1.0,-1.0,0.0,0.0,-1.0,0.0,0.0,-1.0,0.0,0.0,-1.0,0.0,0.0,-1.0,0.0,0.0,-1.0,0.0,0.0],"tangents":null,"uvs":[1.0,1.0,1.0,2.0,0.0,2.0,0.0,2.0,0.0,1.0,1.0,1.0,0.0,1.0,1.0,1.0,1.0,2.0,1.0,2.0,0.0,2.0,0.0,1.0,0.0,1.0,1.0,1.0,1.0,2.0,1.0,2.0,0.0,2.0,0.0,1.0,0.0,1.0,1.0,1.0,1.0,2.0,1.0,2.0,0.0,2.0,0.0,1.0,0.0,1.0,1.0,1.0,1.0,2.0,1.0,2.0,0.0,2.0,0.0,1.0,0.0,1.0,1.0,1.0,1.0,2.0,1.0,2.0,0.0,2.0,0.0,1.0],"uvs2":null,"colors":null,"hasVertexAlpha":false,"matricesIndices":null,"matricesWeights":null,"matricesIndicesExtra":null,"matricesWeightsExtra":null,"indices":[0,1,2,3,4,5,6,7,8,9,10,11,12,13,14,15,16,17,18,19,20,21,22,23,24,25,26,27,28,29,30,31,32,33,34,35],"receiveShadows":true,"infiniteDistance":false,"billboardMode":0,"visibility":1.0,"subMeshes":[{"materialIndex":0,"verticesStart":0,"verticesCount":36,"indexStart":0,"indexCount":36}],"instances":null,"skeletonId":-1,"numBoneInfluencers":4,"applyFog":true,"metadata":null,"rotation":null,"scaling":[1.0,1.0,1.0],"rotationQuaternion":[0.0,0.7071,0.0,0.7071],"actions":null,"checkCollisions":false,"pickable":false,"showBoundingBox":false,"showSubMeshesBoundingBox":false,"alphaIndex":1000,"physicsImpostor":0,"physicsMass":0.0,"physicsFriction":0.0,"physicsRestitution":0.0,"name":"Box003","id":"5bb9e503-2031-4b9a-b844-99310f00cf5c","parentId":"668d4b41-3f79-488a-9957-c0c4fc73a0a6","position":[18.0721,-3.3882,-0.2351],"animations":[],"autoAnimate":true,"autoAnimateFrom":0,"autoAnimateTo":100,"autoAnimateLoop":true},{"materialId":null,"isEnabled":true,"isVisible":true,"positions":[-4.559,0.0,-16.8623,-4.559,0.0,16.8623,4.559,0.0,16.8623,4.559,0.0,16.8623,4.559,0.0,-16.8623,-4.559,0.0,-16.8623,-4.559,8.0074,-16.8623,4.559,8.0074,-16.8623,4.559,8.0074,16.8623,4.559,8.0074,16.8623,-4.559,8.0074,16.8623,-4.559,8.0074,-16.8623,-4.559,0.0,-16.8623,4.559,0.0,-16.8623,4.559,8.0074,-16.8623,4.559,8.0074,-16.8623,-4.559,8.0074,-16.8623,-4.559,0.0,-16.8623,4.559,0.0,-16.8623,4.559,0.0,16.8623,4.559,8.0074,16.8623,4.559,8.0074,16.8623,4.559,8.0074,-16.8623,4.559,0.0,-16.8623,4.559,0.0,16.8623,-4.559,0.0,16.8623,-4.559,8.0074,16.8623,-4.559,8.0074,16.8623,4.559,8.0074,16.8623,4.559,0.0,16.8623,-4.559,0.0,16.8623,-4.559,0.0,-16.8623,-4.559,8.0074,-16.8623,-4.559,8.0074,-16.8623,-4.559,8.0074,16.8623,-4.559,0.0,16.8623],"normals":[0.0,-1.0,0.0,0.0,-1.0,0.0,0.0,-1.0,0.0,0.0,-1.0,0.0,0.0,-1.0,0.0,0.0,-1.0,0.0,0.0,1.0,0.0,0.0,1.0,0.0,0.0,1.0,0.0,0.0,1.0,0.0,0.0,1.0,0.0,0.0,1.0,0.0,0.0,0.0,-1.0,0.0,0.0,-1.0,0.0,0.0,-1.0,0.0,0.0,-1.0,0.0,0.0,-1.0,0.0,0.0,-1.0,1.0,0.0,0.0,1.0,0.0,0.0,1.0,0.0,0.0,1.0,0.0,0.0,1.0,0.0,0.0,1.0,0.0,0.0,0.0,0.0,1.0,0.0,0.0,1.0,0.0,0.0,1.0,0.0,0.0,1.0,0.0,0.0,1.0,0.0,0.0,1.0,-1.0,0.0,0.0,-1.0,0.0,0.0,-1.0,0.0,0.0,-1.0,0.0,0.0,-1.0,0.0,0.0,-1.0,0.0,0.0],"tangents":null,"uvs":[1.0,1.0,1.0,2.0,0.0,2.0,0.0,2.0,0.0,1.0,1.0,1.0,0.0,1.0,1.0,1.0,1.0,2.0,1.0,2.0,0.0,2.0,0.0,1.0,0.0,1.0,1.0,1.0,1.0,2.0,1.0,2.0,0.0,2.0,0.0,1.0,0.0,1.0,1.0,1.0,1.0,2.0,1.0,2.0,0.0,2.0,0.0,1.0,0.0,1.0,1.0,1.0,1.0,2.0,1.0,2.0,0.0,2.0,0.0,1.0,0.0,1.0,1.0,1.0,1.0,2.0,1.0,2.0,0.0,2.0,0.0,1.0],"uvs2":null,"colors":null,"hasVertexAlpha":false,"matricesIndices":null,"matricesWeights":null,"matricesIndicesExtra":null,"matricesWeightsExtra":null,"indices":[0,1,2,3,4,5,6,7,8,9,10,11,12,13,14,15,16,17,18,19,20,21,22,23,24,25,26,27,28,29,30,31,32,33,34,35],"receiveShadows":true,"infiniteDistance":false,"billboardMode":0,"visibility":1.0,"subMeshes":[{"materialIndex":0,"verticesStart":0,"verticesCount":36,"indexStart":0,"indexCount":36}],"instances":null,"skeletonId":-1,"numBoneInfluencers":4,"applyFog":true,"metadata":null,"rotation":null,"scaling":[1.0,1.0,1.0],"rotationQuaternion":[0.0,0.7071,0.0,0.7071],"actions":null,"checkCollisions":false,"pickable":false,"showBoundingBox":false,"showSubMeshesBoundingBox":false,"alphaIndex":1000,"physicsImpostor":0,"physicsMass":0.0,"physicsFriction":0.0,"physicsRestitution":0.0,"name":"Box001","id":"bbbc854b-5e1a-4ceb-a973-ad9e9f956f74","parentId":"6401ed58-43ef-4a56-80e1-824c32997f39","position":[15.2016,-3.3882,-0.2351],"animations":[],"autoAnimate":true,"autoAnimateFrom":0,"autoAnimateTo":100,"autoAnimateLoop":true},{"materialId":null,"isEnabled":true,"isVisible":true,"positions":[-5.3796,0.0,-4.3842,-5.3796,0.0,4.3842,5.3796,0.0,4.3842,5.3796,0.0,4.3842,5.3796,0.0,-4.3842,-5.3796,0.0,-4.3842,-5.3796,9.4487,-4.3842,5.3796,9.4487,-4.3842,5.3796,9.4487,4.3842,5.3796,9.4487,4.3842,-5.3796,9.4487,4.3842,-5.3796,9.4487,-4.3842,-5.3796,0.0,-4.3842,5.3796,0.0,-4.3842,5.3796,9.4487,-4.3842,5.3796,9.4487,-4.3842,-5.3796,9.4487,-4.3842,-5.3796,0.0,-4.3842,5.3796,0.0,-4.3842,5.3796,0.0,4.3842,5.3796,9.4487,4.3842,5.3796,9.4487,4.3842,5.3796,9.4487,-4.3842,5.3796,0.0,-4.3842,5.3796,0.0,4.3842,-5.3796,0.0,4.3842,-5.3796,9.4487,4.3842,-5.3796,9.4487,4.3842,5.3796,9.4487,4.3842,5.3796,0.0,4.3842,-5.3796,0.0,4.3842,-5.3796,0.0,-4.3842,-5.3796,9.4487,-4.3842,-5.3796,9.4487,-4.3842,-5.3796,9.4487,4.3842,-5.3796,0.0,4.3842],"normals":[0.0,-1.0,0.0,0.0,-1.0,0.0,0.0,-1.0,0.0,0.0,-1.0,0.0,0.0,-1.0,0.0,0.0,-1.0,0.0,0.0,1.0,0.0,0.0,1.0,0.0,0.0,1.0,0.0,0.0,1.0,0.0,0.0,1.0,0.0,0.0,1.0,0.0,0.0,0.0,-1.0,0.0,0.0,-1.0,0.0,0.0,-1.0,0.0,0.0,-1.0,0.0,0.0,-1.0,0.0,0.0,-1.0,1.0,0.0,0.0,1.0,0.0,0.0,1.0,0.0,0.0,1.0,0.0,0.0,1.0,0.0,0.0,1.0,0.0,0.0,0.0,0.0,1.0,0.0,0.0,1.0,0.0,0.0,1.0,0.0,0.0,1.0,0.0,0.0,1.0,0.0,0.0,1.0,-1.0,0.0,0.0,-1.0,0.0,0.0,-1.0,0.0,0.0,-1.0,0.0,0.0,-1.0,0.0,0.0,-1.0,0.0,0.0],"tangents":null,"uvs":[1.0,1.0,1.0,2.0,0.0,2.0,0.0,2.0,0.0,1.0,1.0,1.0,0.0,1.0,1.0,1.0,1.0,2.0,1.0,2.0,0.0,2.0,0.0,1.0,0.0,1.0,1.0,1.0,1.0,2.0,1.0,2.0,0.0,2.0,0.0,1.0,0.0,1.0,1.0,1.0,1.0,2.0,1.0,2.0,0.0,2.0,0.0,1.0,0.0,1.0,1.0,1.0,1.0,2.0,1.0,2.0,0.0,2.0,0.0,1.0,0.0,1.0,1.0,1.0,1.0,2.0,1.0,2.0,0.0,2.0,0.0,1.0],"uvs2":null,"colors":null,"hasVertexAlpha":false,"matricesIndices":[0,0,0,0,0,0,0,0,0,0,0,0,0,0,0,0,0,0,0,0,0,0,0,0,0,0,0,0,0,0,0,0,0,0,0,0],"matricesWeights":[1.0,0.0,0.0,0.0,1.0,0.0,0.0,0.0,1.0,0.0,0.0,0.0,1.0,0.0,0.0,0.0,1.0,0.0,0.0,0.0,1.0,0.0,0.0,0.0,1.0,0.0,0.0,0.0,1.0,0.0,0.0,0.0,1.0,0.0,0.0,0.0,1.0,0.0,0.0,0.0,1.0,0.0,0.0,0.0,1.0,0.0,0.0,0.0,1.0,0.0,0.0,0.0,1.0,0.0,0.0,0.0,1.0,0.0,0.0,0.0,1.0,0.0,0.0,0.0,1.0,0.0,0.0,0.0,1.0,0.0,0.0,0.0,1.0,0.0,0.0,0.0,1.0,0.0,0.0,0.0,1.0,0.0,0.0,0.0,1.0,0.0,0.0,0.0,1.0,0.0,0.0,0.0,1.0,0.0,0.0,0.0,1.0,0.0,0.0,0.0,1.0,0.0,0.0,0.0,1.0,0.0,0.0,0.0,1.0,0.0,0.0,0.0,1.0,0.0,0.0,0.0,1.0,0.0,0.0,0.0,1.0,0.0,0.0,0.0,1.0,0.0,0.0,0.0,1.0,0.0,0.0,0.0,1.0,0.0,0.0,0.0,1.0,0.0,0.0,0.0,1.0,0.0,0.0,0.0],"matricesIndicesExtra":null,"matricesWeightsExtra":null,"indices":[0,1,2,3,4,5,6,7,8,9,10,11,12,13,14,15,16,17,18,19,20,21,22,23,24,25,26,27,28,29,30,31,32,33,34,35],"receiveShadows":true,"infiniteDistance":false,"billboardMode":0,"visibility":1.0,"subMeshes":[{"materialIndex":0,"verticesStart":0,"verticesCount":36,"indexStart":0,"indexCount":36}],"instances":null,"skeletonId":0,"numBoneInfluencers":1,"applyFog":true,"metadata":null,"rotation":null,"scaling":[1.0,1.0,1.0],"rotationQuaternion":[0.0,0.0,0.0,1.0],"actions":null,"checkCollisions":false,"pickable":false,"showBoundingBox":false,"showSubMeshesBoundingBox":false,"alphaIndex":1000,"physicsImpostor":0,"physicsMass":0.0,"physicsFriction":0.0,"physicsRestitution":0.0,"name":"Box004","id":"a6aadc98-83a2-40a4-9ae7-de7c992626c8","parentId":null,"position":[-47.5334,-3.3882,29.7983],"animations":[],"autoAnimate":true,"autoAnimateFrom":0,"autoAnimateTo":100,"autoAnimateLoop":true},{"materialId":null,"isEnabled":true,"isVisible":true,"positions":[-5.334,0.0,-4.3842,-5.334,0.0,4.3842,5.334,0.0,4.3842,5.334,0.0,4.3842,5.334,0.0,-4.3842,-5.334,0.0,-4.3842,-5.334,9.2085,-4.3842,5.334,9.2085,-4.3842,5.334,9.2085,4.3842,5.334,9.2085,4.3842,-5.334,9.2085,4.3842,-5.334,9.2085,-4.3842,-5.334,0.0,-4.3842,5.334,0.0,-4.3842,5.334,9.2085,-4.3842,5.334,9.2085,-4.3842,-5.334,9.2085,-4.3842,-5.334,0.0,-4.3842,5.334,0.0,-4.3842,5.334,0.0,4.3842,5.334,9.2085,4.3842,5.334,9.2085,4.3842,5.334,9.2085,-4.3842,5.334,0.0,-4.3842,5.334,0.0,4.3842,-5.334,0.0,4.3842,-5.334,9.2085,4.3842,-5.334,9.2085,4.3842,5.334,9.2085,4.3842,5.334,0.0,4.3842,-5.334,0.0,4.3842,-5.334,0.0,-4.3842,-5.334,9.2085,-4.3842,-5.334,9.2085,-4.3842,-5.334,9.2085,4.3842,-5.334,0.0,4.3842],"normals":[0.0,-1.0,0.0,0.0,-1.0,0.0,0.0,-1.0,0.0,0.0,-1.0,0.0,0.0,-1.0,0.0,0.0,-1.0,0.0,0.0,1.0,0.0,0.0,1.0,0.0,0.0,1.0,0.0,0.0,1.0,0.0,0.0,1.0,0.0,0.0,1.0,0.0,0.0,0.0,-1.0,0.0,0.0,-1.0,0.0,0.0,-1.0,0.0,0.0,-1.0,0.0,0.0,-1.0,0.0,0.0,-1.0,1.0,0.0,0.0,1.0,0.0,0.0,1.0,0.0,0.0,1.0,0.0,0.0,1.0,0.0,0.0,1.0,0.0,0.0,0.0,0.0,1.0,0.0,0.0,1.0,0.0,0.0,1.0,0.0,0.0,1.0,0.0,0.0,1.0,0.0,0.0,1.0,-1.0,0.0,0.0,-1.0,0.0,0.0,-1.0,0.0,0.0,-1.0,0.0,0.0,-1.0,0.0,0.0,-1.0,0.0,0.0],"tangents":null,"uvs":[1.0,1.0,1.0,2.0,0.0,2.0,0.0,2.0,0.0,1.0,1.0,1.0,0.0,1.0,1.0,1.0,1.0,2.0,1.0,2.0,0.0,2.0,0.0,1.0,0.0,1.0,1.0,1.0,1.0,2.0,1.0,2.0,0.0,2.0,0.0,1.0,0.0,1.0,1.0,1.0,1.0,2.0,1.0,2.0,0.0,2.0,0.0,1.0,0.0,1.0,1.0,1.0,1.0,2.0,1.0,2.0,0.0,2.0,0.0,1.0,0.0,1.0,1.0,1.0,1.0,2.0,1.0,2.0,0.0,2.0,0.0,1.0],"uvs2":null,"colors":null,"hasVertexAlpha":false,"matricesIndices":[1,1,1,1,1,1,1,1,1,1,1,1,1,1,1,1,1,1,1,1,1,1,1,1,1,1,1,1,1,1,1,1,1,1,1,1],"matricesWeights":[1.0,0.0,0.0,0.0,1.0,0.0,0.0,0.0,1.0,0.0,0.0,0.0,1.0,0.0,0.0,0.0,1.0,0.0,0.0,0.0,1.0,0.0,0.0,0.0,1.0,0.0,0.0,0.0,1.0,0.0,0.0,0.0,1.0,0.0,0.0,0.0,1.0,0.0,0.0,0.0,1.0,0.0,0.0,0.0,1.0,0.0,0.0,0.0,1.0,0.0,0.0,0.0,1.0,0.0,0.0,0.0,1.0,0.0,0.0,0.0,1.0,0.0,0.0,0.0,1.0,0.0,0.0,0.0,1.0,0.0,0.0,0.0,1.0,0.0,0.0,0.0,1.0,0.0,0.0,0.0,1.0,0.0,0.0,0.0,1.0,0.0,0.0,0.0,1.0,0.0,0.0,0.0,1.0,0.0,0.0,0.0,1.0,0.0,0.0,0.0,1.0,0.0,0.0,0.0,1.0,0.0,0.0,0.0,1.0,0.0,0.0,0.0,1.0,0.0,0.0,0.0,1.0,0.0,0.0,0.0,1.0,0.0,0.0,0.0,1.0,0.0,0.0,0.0,1.0,0.0,0.0,0.0,1.0,0.0,0.0,0.0,1.0,0.0,0.0,0.0,1.0,0.0,0.0,0.0],"matricesIndicesExtra":null,"matricesWeightsExtra":null,"indices":[0,1,2,3,4,5,6,7,8,9,10,11,12,13,14,15,16,17,18,19,20,21,22,23,24,25,26,27,28,29,30,31,32,33,34,35],"receiveShadows":true,"infiniteDistance":false,"billboardMode":0,"visibility":1.0,"subMeshes":[{"materialIndex":0,"verticesStart":0,"verticesCount":36,"indexStart":0,"indexCount":36}],"instances":null,"skeletonId":1,"numBoneInfluencers":1,"applyFog":true,"metadata":null,"rotation":null,"scaling":[1.0,1.0,1.0],"rotationQuaternion":[0.0,0.0,0.0,1.0],"actions":null,"checkCollisions":false,"pickable":false,"showBoundingBox":false,"showSubMeshesBoundingBox":false,"alphaIndex":1000,"physicsImpostor":0,"physicsMass":0.0,"physicsFriction":0.0,"physicsRestitution":0.0,"name":"Box005","id":"0304d321-0b3e-4710-af61-86d257e9f3ab","parentId":null,"position":[-47.5334,-3.3882,59.7807],"animations":[],"autoAnimate":true,"autoAnimateFrom":0,"autoAnimateTo":100,"autoAnimateLoop":true}],"sounds":[],"materials":[],"multiMaterials":[],"particleSystems":null,"lensFlareSystems":null,"shadowGenerators":[],"skeletons":[{"id":0,"name":"skeleton #0","bones":[{"id":"6401ed58-43ef-4a56-80e1-824c32997f39-bone","name":"Bone003","index":0,"parentBoneIndex":-1,"matrix":[0.0,0.0,1.0,0.0,0.0,1.0,0.0,0.0,-1.0,0.0,0.0,0.0,-47.7685,0.0,14.5967,1.0],"animation":{"name":"Bone003Animation","property":"_matrix","dataType":3,"enableBlending":false,"blendingSpeed":0.01,"loopBehavior":1,"framePerSecond":30,"keys":[{"frame":0,"values":[0.0,0.0,1.0,0.0,0.0,1.0,0.0,0.0,-1.0,0.0,0.0,0.0,-47.7685,0.0,14.5967,1.0]},{"frame":1,"values":[0.0,0.0004,1.0,0.0,0.0,1.0,-0.0004,0.0,-1.0,0.0,0.0,0.0,-47.7685,0.0,14.5967,1.0]},{"frame":2,"values":[0.0,0.0015,1.0,0.0,0.0,1.0,-0.0015,0.0,-1.0,0.0,0.0,0.0,-47.7685,0.0,14.5967,1.0]},{"frame":3,"values":[0.0,0.0034,1.0,0.0,0.0,1.0,-0.0034,0.0,-1.0,0.0,0.0,0.0,-47.7685,0.0,14.5967,1.0]},{"frame":4,"values":[0.0,0.0059,1.0,0.0,0.0,1.0,-0.0059,0.0,-1.0,0.0,0.0,0.0,-47.7685,0.0,14.5967,1.0]},{"frame":5,"values":[0.0,0.0091,1.0,0.0,0.0,1.0,-0.0091,0.0,-1.0,0.0,0.0,0.0,-47.7685,0.0,14.5967,1.0]},{"frame":6,"values":[0.0,0.0129,0.9999,0.0,0.0,0.9999,-0.0129,0.0,-1.0,0.0,0.0,0.0,-47.7685,0.0,14.5967,1.0]},{"frame":7,"values":[0.0,0.0174,0.9998,0.0,0.0,0.9998,-0.0174,0.0,-1.0,0.0,0.0,0.0,-47.7685,0.0,14.5967,1.0]},{"frame":8,"values":[0.0,0.0223,0.9998,0.0,0.0,0.9998,-0.0223,0.0,-1.0,0.0,0.0,0.0,-47.7685,0.0,14.5967,1.0]},{"frame":9,"values":[0.0,0.0279,0.9996,0.0,0.0,0.9996,-0.0279,0.0,-1.0,0.0,0.0,0.0,-47.7685,0.0,14.5967,1.0]},{"frame":10,"values":[0.0,0.0339,0.9994,0.0,0.0,0.9994,-0.0339,0.0,-1.0,0.0,0.0,0.0,-47.7685,0.0,14.5967,1.0]},{"frame":11,"values":[0.0,0.0403,0.9992,0.0,0.0,0.9992,-0.0403,0.0,-1.0,0.0,0.0,0.0,-47.7685,0.0,14.5967,1.0]},{"frame":12,"values":[0.0,0.0473,0.9989,0.0,0.0,0.9989,-0.0473,0.0,-1.0,0.0,0.0,0.0,-47.7685,0.0,14.5967,1.0]},{"frame":13,"values":[0.0,0.0546,0.9985,0.0,0.0,0.9985,-0.0546,0.0,-1.0,0.0,0.0,0.0,-47.7685,0.0,14.5967,1.0]},{"frame":14,"values":[0.0,0.0623,0.9981,0.0,0.0,0.9981,-0.0623,0.0,-1.0,0.0,0.0,0.0,-47.7685,0.0,14.5967,1.0]},{"frame":15,"values":[0.0,0.0703,0.9975,0.0,0.0,0.9975,-0.0703,0.0,-1.0,0.0,0.0,0.0,-47.7685,0.0,14.5967,1.0]},{"frame":16,"values":[0.0,0.0786,0.9969,0.0,0.0,0.9969,-0.0786,0.0,-1.0,0.0,0.0,0.0,-47.7685,0.0,14.5967,1.0]},{"frame":17,"values":[0.0,0.0872,0.9962,0.0,0.0,0.9962,-0.0872,0.0,-1.0,0.0,0.0,0.0,-47.7685,0.0,14.5967,1.0]},{"frame":18,"values":[0.0,0.0961,0.9954,0.0,0.0,0.9954,-0.0961,0.0,-1.0,0.0,0.0,0.0,-47.7685,0.0,14.5967,1.0]},{"frame":19,"values":[0.0,0.1052,0.9945,0.0,0.0,0.9945,-0.1052,0.0,-1.0,0.0,0.0,0.0,-47.7685,0.0,14.5967,1.0]},{"frame":20,"values":[0.0,0.1144,0.9934,0.0,0.0,0.9934,-0.1144,0.0,-1.0,0.0,0.0,0.0,-47.7685,0.0,14.5967,1.0]},{"frame":21,"values":[0.0,0.1238,0.9923,0.0,0.0,0.9923,-0.1238,0.0,-1.0,0.0,0.0,0.0,-47.7685,0.0,14.5967,1.0]},{"frame":22,"values":[0.0,0.1333,0.9911,0.0,0.0,0.9911,-0.1333,0.0,-1.0,0.0,0.0,0.0,-47.7685,0.0,14.5967,1.0]},{"frame":23,"values":[0.0,0.1429,0.9897,0.0,0.0,0.9897,-0.1429,0.0,-1.0,0.0,0.0,0.0,-47.7685,0.0,14.5967,1.0]},{"frame":24,"values":[0.0,0.1525,0.9883,0.0,0.0,0.9883,-0.1525,0.0,-1.0,0.0,0.0,0.0,-47.7685,0.0,14.5967,1.0]},{"frame":25,"values":[0.0,0.1621,0.9868,0.0,0.0,0.9868,-0.1621,0.0,-1.0,0.0,0.0,0.0,-47.7685,0.0,14.5967,1.0]},{"frame":26,"values":[0.0,0.1718,0.9851,0.0,0.0,0.9851,-0.1718,0.0,-1.0,0.0,0.0,0.0,-47.7685,0.0,14.5967,1.0]},{"frame":27,"values":[0.0,0.1814,0.9834,0.0,0.0,0.9834,-0.1814,0.0,-1.0,0.0,0.0,0.0,-47.7685,0.0,14.5967,1.0]},{"frame":28,"values":[0.0,0.1909,0.9816,0.0,0.0,0.9816,-0.1909,0.0,-1.0,0.0,0.0,0.0,-47.7685,0.0,14.5967,1.0]},{"frame":29,"values":[0.0,0.2003,0.9797,0.0,0.0,0.9797,-0.2003,0.0,-1.0,0.0,0.0,0.0,-47.7685,0.0,14.5967,1.0]},{"frame":30,"values":[0.0,0.2095,0.9778,0.0,0.0,0.9778,-0.2095,0.0,-1.0,0.0,0.0,0.0,-47.7685,0.0,14.5967,1.0]},{"frame":31,"values":[0.0,0.2186,0.9758,0.0,0.0,0.9758,-0.2186,0.0,-1.0,0.0,0.0,0.0,-47.7685,0.0,14.5967,1.0]},{"frame":32,"values":[0.0,0.2275,0.9738,0.0,0.0,0.9738,-0.2275,0.0,-1.0,0.0,0.0,0.0,-47.7685,0.0,14.5967,1.0]},{"frame":33,"values":[0.0,0.2361,0.9717,0.0,0.0,0.9717,-0.2361,0.0,-1.0,0.0,0.0,0.0,-47.7685,0.0,14.5967,1.0]},{"frame":34,"values":[0.0,0.2445,0.9696,0.0,0.0,0.9696,-0.2445,0.0,-1.0,0.0,0.0,0.0,-47.7685,0.0,14.5967,1.0]},{"frame":35,"values":[0.0,0.2526,0.9676,0.0,0.0,0.9676,-0.2526,0.0,-1.0,0.0,0.0,0.0,-47.7685,0.0,14.5967,1.0]},{"frame":36,"values":[0.0,0.2604,0.9655,0.0,0.0,0.9655,-0.2604,0.0,-1.0,0.0,0.0,0.0,-47.7685,0.0,14.5967,1.0]},{"frame":37,"values":[0.0,0.2678,0.9635,0.0,0.0,0.9635,-0.2678,0.0,-1.0,0.0,0.0,0.0,-47.7685,0.0,14.5967,1.0]},{"frame":38,"values":[0.0,0.2749,0.9615,0.0,0.0,0.9615,-0.2749,0.0,-1.0,0.0,0.0,0.0,-47.7685,0.0,14.5967,1.0]},{"frame":39,"values":[0.0,0.2815,0.9596,0.0,0.0,0.9596,-0.2815,0.0,-1.0,0.0,0.0,0.0,-47.7685,0.0,14.5967,1.0]},{"frame":40,"values":[0.0,0.2877,0.9577,0.0,0.0,0.9577,-0.2877,0.0,-1.0,0.0,0.0,0.0,-47.7685,0.0,14.5967,1.0]},{"frame":41,"values":[0.0,0.2935,0.956,0.0,0.0,0.956,-0.2935,0.0,-1.0,0.0,0.0,0.0,-47.7685,0.0,14.5967,1.0]},{"frame":42,"values":[0.0,0.2987,0.9543,0.0,0.0,0.9543,-0.2987,0.0,-1.0,0.0,0.0,0.0,-47.7685,0.0,14.5967,1.0]},{"frame":43,"values":[0.0,0.3035,0.9528,0.0,0.0,0.9528,-0.3035,0.0,-1.0,0.0,0.0,0.0,-47.7685,0.0,14.5967,1.0]},{"frame":44,"values":[0.0,0.3077,0.9515,0.0,0.0,0.9515,-0.3077,0.0,-1.0,0.0,0.0,0.0,-47.7685,0.0,14.5967,1.0]},{"frame":45,"values":[0.0,0.3113,0.9503,0.0,0.0,0.9503,-0.3113,0.0,-1.0,0.0,0.0,0.0,-47.7685,0.0,14.5967,1.0]},{"frame":46,"values":[0.0,0.3144,0.9493,0.0,0.0,0.9493,-0.3144,0.0,-1.0,0.0,0.0,0.0,-47.7685,0.0,14.5967,1.0]},{"frame":47,"values":[0.0,0.3168,0.9485,0.0,0.0,0.9485,-0.3168,0.0,-1.0,0.0,0.0,0.0,-47.7685,0.0,14.5967,1.0]},{"frame":48,"values":[0.0,0.3186,0.9479,0.0,0.0,0.9479,-0.3186,0.0,-1.0,0.0,0.0,0.0,-47.7685,0.0,14.5967,1.0]},{"frame":49,"values":[0.0,0.3196,0.9475,0.0,0.0,0.9475,-0.3196,0.0,-1.0,0.0,0.0,0.0,-47.7685,0.0,14.5967,1.0]},{"frame":100,"values":[0.0,0.32,0.9474,0.0,0.0,0.9474,-0.32,0.0,-1.0,0.0,0.0,0.0,-47.7685,0.0,14.5967,1.0]}]}}],"needInitialSkinMatrix":true},{"id":1,"name":"skeleton #1","bones":[{"id":"6401ed58-43ef-4a56-80e1-824c32997f39-bone","name":"Bone003","index":0,"parentBoneIndex":-1,"matrix":[0.0,0.0,1.0,0.0,0.0,1.0,0.0,0.0,-1.0,0.0,0.0,0.0,-47.7685,0.0,14.5967,1.0],"animation":{"name":"Bone003Animation","property":"_matrix","dataType":3,"enableBlending":false,"blendingSpeed":0.01,"loopBehavior":1,"framePerSecond":30,"keys":[{"frame":0,"values":[0.0,0.0,1.0,0.0,0.0,1.0,0.0,0.0,-1.0,0.0,0.0,0.0,-47.7685,0.0,14.5967,1.0]},{"frame":1,"values":[0.0,0.0004,1.0,0.0,0.0,1.0,-0.0004,0.0,-1.0,0.0,0.0,0.0,-47.7685,0.0,14.5967,1.0]},{"frame":2,"values":[0.0,0.0015,1.0,0.0,0.0,1.0,-0.0015,0.0,-1.0,0.0,0.0,0.0,-47.7685,0.0,14.5967,1.0]},{"frame":3,"values":[0.0,0.0034,1.0,0.0,0.0,1.0,-0.0034,0.0,-1.0,0.0,0.0,0.0,-47.7685,0.0,14.5967,1.0]},{"frame":4,"values":[0.0,0.0059,1.0,0.0,0.0,1.0,-0.0059,0.0,-1.0,0.0,0.0,0.0,-47.7685,0.0,14.5967,1.0]},{"frame":5,"values":[0.0,0.0091,1.0,0.0,0.0,1.0,-0.0091,0.0,-1.0,0.0,0.0,0.0,-47.7685,0.0,14.5967,1.0]},{"frame":6,"values":[0.0,0.0129,0.9999,0.0,0.0,0.9999,-0.0129,0.0,-1.0,0.0,0.0,0.0,-47.7685,0.0,14.5967,1.0]},{"frame":7,"values":[0.0,0.0174,0.9998,0.0,0.0,0.9998,-0.0174,0.0,-1.0,0.0,0.0,0.0,-47.7685,0.0,14.5967,1.0]},{"frame":8,"values":[0.0,0.0223,0.9998,0.0,0.0,0.9998,-0.0223,0.0,-1.0,0.0,0.0,0.0,-47.7685,0.0,14.5967,1.0]},{"frame":9,"values":[0.0,0.0279,0.9996,0.0,0.0,0.9996,-0.0279,0.0,-1.0,0.0,0.0,0.0,-47.7685,0.0,14.5967,1.0]},{"frame":10,"values":[0.0,0.0339,0.9994,0.0,0.0,0.9994,-0.0339,0.0,-1.0,0.0,0.0,0.0,-47.7685,0.0,14.5967,1.0]},{"frame":11,"values":[0.0,0.0403,0.9992,0.0,0.0,0.9992,-0.0403,0.0,-1.0,0.0,0.0,0.0,-47.7685,0.0,14.5967,1.0]},{"frame":12,"values":[0.0,0.0473,0.9989,0.0,0.0,0.9989,-0.0473,0.0,-1.0,0.0,0.0,0.0,-47.7685,0.0,14.5967,1.0]},{"frame":13,"values":[0.0,0.0546,0.9985,0.0,0.0,0.9985,-0.0546,0.0,-1.0,0.0,0.0,0.0,-47.7685,0.0,14.5967,1.0]},{"frame":14,"values":[0.0,0.0623,0.9981,0.0,0.0,0.9981,-0.0623,0.0,-1.0,0.0,0.0,0.0,-47.7685,0.0,14.5967,1.0]},{"frame":15,"values":[0.0,0.0703,0.9975,0.0,0.0,0.9975,-0.0703,0.0,-1.0,0.0,0.0,0.0,-47.7685,0.0,14.5967,1.0]},{"frame":16,"values":[0.0,0.0786,0.9969,0.0,0.0,0.9969,-0.0786,0.0,-1.0,0.0,0.0,0.0,-47.7685,0.0,14.5967,1.0]},{"frame":17,"values":[0.0,0.0872,0.9962,0.0,0.0,0.9962,-0.0872,0.0,-1.0,0.0,0.0,0.0,-47.7685,0.0,14.5967,1.0]},{"frame":18,"values":[0.0,0.0961,0.9954,0.0,0.0,0.9954,-0.0961,0.0,-1.0,0.0,0.0,0.0,-47.7685,0.0,14.5967,1.0]},{"frame":19,"values":[0.0,0.1052,0.9945,0.0,0.0,0.9945,-0.1052,0.0,-1.0,0.0,0.0,0.0,-47.7685,0.0,14.5967,1.0]},{"frame":20,"values":[0.0,0.1144,0.9934,0.0,0.0,0.9934,-0.1144,0.0,-1.0,0.0,0.0,0.0,-47.7685,0.0,14.5967,1.0]},{"frame":21,"values":[0.0,0.1238,0.9923,0.0,0.0,0.9923,-0.1238,0.0,-1.0,0.0,0.0,0.0,-47.7685,0.0,14.5967,1.0]},{"frame":22,"values":[0.0,0.1333,0.9911,0.0,0.0,0.9911,-0.1333,0.0,-1.0,0.0,0.0,0.0,-47.7685,0.0,14.5967,1.0]},{"frame":23,"values":[0.0,0.1429,0.9897,0.0,0.0,0.9897,-0.1429,0.0,-1.0,0.0,0.0,0.0,-47.7685,0.0,14.5967,1.0]},{"frame":24,"values":[0.0,0.1525,0.9883,0.0,0.0,0.9883,-0.1525,0.0,-1.0,0.0,0.0,0.0,-47.7685,0.0,14.5967,1.0]},{"frame":25,"values":[0.0,0.1621,0.9868,0.0,0.0,0.9868,-0.1621,0.0,-1.0,0.0,0.0,0.0,-47.7685,0.0,14.5967,1.0]},{"frame":26,"values":[0.0,0.1718,0.9851,0.0,0.0,0.9851,-0.1718,0.0,-1.0,0.0,0.0,0.0,-47.7685,0.0,14.5967,1.0]},{"frame":27,"values":[0.0,0.1814,0.9834,0.0,0.0,0.9834,-0.1814,0.0,-1.0,0.0,0.0,0.0,-47.7685,0.0,14.5967,1.0]},{"frame":28,"values":[0.0,0.1909,0.9816,0.0,0.0,0.9816,-0.1909,0.0,-1.0,0.0,0.0,0.0,-47.7685,0.0,14.5967,1.0]},{"frame":29,"values":[0.0,0.2003,0.9797,0.0,0.0,0.9797,-0.2003,0.0,-1.0,0.0,0.0,0.0,-47.7685,0.0,14.5967,1.0]},{"frame":30,"values":[0.0,0.2095,0.9778,0.0,0.0,0.9778,-0.2095,0.0,-1.0,0.0,0.0,0.0,-47.7685,0.0,14.5967,1.0]},{"frame":31,"values":[0.0,0.2186,0.9758,0.0,0.0,0.9758,-0.2186,0.0,-1.0,0.0,0.0,0.0,-47.7685,0.0,14.5967,1.0]},{"frame":32,"values":[0.0,0.2275,0.9738,0.0,0.0,0.9738,-0.2275,0.0,-1.0,0.0,0.0,0.0,-47.7685,0.0,14.5967,1.0]},{"frame":33,"values":[0.0,0.2361,0.9717,0.0,0.0,0.9717,-0.2361,0.0,-1.0,0.0,0.0,0.0,-47.7685,0.0,14.5967,1.0]},{"frame":34,"values":[0.0,0.2445,0.9696,0.0,0.0,0.9696,-0.2445,0.0,-1.0,0.0,0.0,0.0,-47.7685,0.0,14.5967,1.0]},{"frame":35,"values":[0.0,0.2526,0.9676,0.0,0.0,0.9676,-0.2526,0.0,-1.0,0.0,0.0,0.0,-47.7685,0.0,14.5967,1.0]},{"frame":36,"values":[0.0,0.2604,0.9655,0.0,0.0,0.9655,-0.2604,0.0,-1.0,0.0,0.0,0.0,-47.7685,0.0,14.5967,1.0]},{"frame":37,"values":[0.0,0.2678,0.9635,0.0,0.0,0.9635,-0.2678,0.0,-1.0,0.0,0.0,0.0,-47.7685,0.0,14.5967,1.0]},{"frame":38,"values":[0.0,0.2749,0.9615,0.0,0.0,0.9615,-0.2749,0.0,-1.0,0.0,0.0,0.0,-47.7685,0.0,14.5967,1.0]},{"frame":39,"values":[0.0,0.2815,0.9596,0.0,0.0,0.9596,-0.2815,0.0,-1.0,0.0,0.0,0.0,-47.7685,0.0,14.5967,1.0]},{"frame":40,"values":[0.0,0.2877,0.9577,0.0,0.0,0.9577,-0.2877,0.0,-1.0,0.0,0.0,0.0,-47.7685,0.0,14.5967,1.0]},{"frame":41,"values":[0.0,0.2935,0.956,0.0,0.0,0.956,-0.2935,0.0,-1.0,0.0,0.0,0.0,-47.7685,0.0,14.5967,1.0]},{"frame":42,"values":[0.0,0.2987,0.9543,0.0,0.0,0.9543,-0.2987,0.0,-1.0,0.0,0.0,0.0,-47.7685,0.0,14.5967,1.0]},{"frame":43,"values":[0.0,0.3035,0.9528,0.0,0.0,0.9528,-0.3035,0.0,-1.0,0.0,0.0,0.0,-47.7685,0.0,14.5967,1.0]},{"frame":44,"values":[0.0,0.3077,0.9515,0.0,0.0,0.9515,-0.3077,0.0,-1.0,0.0,0.0,0.0,-47.7685,0.0,14.5967,1.0]},{"frame":45,"values":[0.0,0.3113,0.9503,0.0,0.0,0.9503,-0.3113,0.0,-1.0,0.0,0.0,0.0,-47.7685,0.0,14.5967,1.0]},{"frame":46,"values":[0.0,0.3144,0.9493,0.0,0.0,0.9493,-0.3144,0.0,-1.0,0.0,0.0,0.0,-47.7685,0.0,14.5967,1.0]},{"frame":47,"values":[0.0,0.3168,0.9485,0.0,0.0,0.9485,-0.3168,0.0,-1.0,0.0,0.0,0.0,-47.7685,0.0,14.5967,1.0]},{"frame":48,"values":[0.0,0.3186,0.9479,0.0,0.0,0.9479,-0.3186,0.0,-1.0,0.0,0.0,0.0,-47.7685,0.0,14.5967,1.0]},{"frame":49,"values":[0.0,0.3196,0.9475,0.0,0.0,0.9475,-0.3196,0.0,-1.0,0.0,0.0,0.0,-47.7685,0.0,14.5967,1.0]},{"frame":100,"values":[0.0,0.32,0.9474,0.0,0.0,0.9474,-0.32,0.0,-1.0,0.0,0.0,0.0,-47.7685,0.0,14.5967,1.0]}]}},{"id":"668d4b41-3f79-488a-9957-c0c4fc73a0a6-bone","name":"Bone004","index":1,"parentBoneIndex":0,"matrix":[1.0,0.0,0.0,0.0,0.0,1.0,0.0,0.0,0.0,0.0,1.0,0.0,27.1119,0.0,0.0,1.0],"animation":{"name":"Bone004Animation","property":"_matrix","dataType":3,"enableBlending":false,"blendingSpeed":0.01,"loopBehavior":1,"framePerSecond":30,"keys":[{"frame":0,"values":[1.0,0.0,0.0,0.0,0.0,1.0,0.0,0.0,0.0,0.0,1.0,0.0,27.1119,0.0,0.0,1.0]},{"frame":1,"values":[1.0,0.0012,0.0,0.0,-0.0012,1.0,0.0,0.0,0.0,0.0,1.0,0.0,27.1119,0.0,0.0,1.0]},{"frame":2,"values":[1.0,0.0047,0.0,0.0,-0.0047,1.0,0.0,0.0,0.0,0.0,1.0,0.0,27.1119,0.0,0.0,1.0]},{"frame":3,"values":[0.9999,0.0104,0.0,0.0,-0.0104,0.9999,0.0,0.0,0.0,0.0,1.0,0.0,27.1119,0.0,0.0,1.0]},{"frame":4,"values":[0.9998,0.0182,0.0,0.0,-0.0182,0.9998,0.0,0.0,0.0,0.0,1.0,0.0,27.1119,0.0,0.0,1.0]},{"frame":5,"values":[0.9996,0.028,0.0,0.0,-0.028,0.9996,0.0,0.0,0.0,0.0,1.0,0.0,27.1119,0.0,0.0,1.0]},{"frame":6,"values":[0.9992,0.0397,0.0,0.0,-0.0397,0.9992,0.0,0.0,0.0,0.0,1.0,0.0,27.1119,0.0,0.0,1.0]},{"frame":7,"values":[0.9986,0.0533,0.0,0.0,-0.0533,0.9986,0.0,0.0,0.0,0.0,1.0,0.0,27.1119,0.0,0.0,1.0]},{"frame":8,"values":[0.9977,0.0685,0.0,0.0,-0.0685,0.9977,0.0,0.0,0.0,0.0,1.0,0.0,27.1119,0.0,0.0,1.0]},{"frame":9,"values":[0.9963,0.0854,0.0,0.0,-0.0854,0.9963,0.0,0.0,0.0,0.0,1.0,0.0,27.1119,0.0,0.0,1.0]},{"frame":10,"values":[0.9946,0.1037,0.0,0.0,-0.1037,0.9946,0.0,0.0,0.0,0.0,1.0,0.0,27.1119,0.0,0.0,1.0]},{"frame":11,"values":[0.9923,0.1235,0.0,0.0,-0.1235,0.9923,0.0,0.0,0.0,0.0,1.0,0.0,27.1119,0.0,0.0,1.0]},{"frame":12,"values":[0.9895,0.1446,0.0,0.0,-0.1446,0.9895,0.0,0.0,0.0,0.0,1.0,0.0,27.1119,0.0,0.0,1.0]},{"frame":13,"values":[0.986,0.1668,0.0,0.0,-0.1668,0.986,0.0,0.0,0.0,0.0,1.0,0.0,27.1119,0.0,0.0,1.0]},{"frame":14,"values":[0.9818,0.19,0.0,0.0,-0.19,0.9818,0.0,0.0,0.0,0.0,1.0,0.0,27.1119,0.0,0.0,1.0]},{"frame":15,"values":[0.9768,0.2142,0.0,0.0,-0.2142,0.9768,0.0,0.0,0.0,0.0,1.0,0.0,27.1119,0.0,0.0,1.0]},{"frame":16,"values":[0.971,0.2392,0.0,0.0,-0.2392,0.971,0.0,0.0,0.0,0.0,1.0,0.0,27.1119,0.0,0.0,1.0]},{"frame":17,"values":[0.9643,0.2648,0.0,0.0,-0.2648,0.9643,0.0,0.0,0.0,0.0,1.0,0.0,27.1119,0.0,0.0,1.0]},{"frame":18,"values":[0.9567,0.291,0.0,0.0,-0.291,0.9567,0.0,0.0,0.0,0.0,1.0,0.0,27.1119,0.0,0.0,1.0]},{"frame":19,"values":[0.9482,0.3177,0.0,0.0,-0.3177,0.9482,0.0,0.0,0.0,0.0,1.0,0.0,27.1119,0.0,0.0,1.0]},{"frame":20,"values":[0.9388,0.3446,0.0,0.0,-0.3446,0.9388,0.0,0.0,0.0,0.0,1.0,0.0,27.1119,0.0,0.0,1.0]},{"frame":21,"values":[0.9284,0.3716,0.0,0.0,-0.3716,0.9284,0.0,0.0,0.0,0.0,1.0,0.0,27.1119,0.0,0.0,1.0]},{"frame":22,"values":[0.9171,0.3988,0.0,0.0,-0.3988,0.9171,0.0,0.0,0.0,0.0,1.0,0.0,27.1119,0.0,0.0,1.0]},{"frame":23,"values":[0.9048,0.4258,0.0,0.0,-0.4258,0.9048,0.0,0.0,0.0,0.0,1.0,0.0,27.1119,0.0,0.0,1.0]},{"frame":24,"values":[0.8917,0.4526,0.0,0.0,-0.4526,0.8917,0.0,0.0,0.0,0.0,1.0,0.0,27.1119,0.0,0.0,1.0]},{"frame":25,"values":[0.8777,0.4791,0.0,0.0,-0.4791,0.8777,0.0,0.0,0.0,0.0,1.0,0.0,27.1119,0.0,0.0,1.0]},{"frame":26,"values":[0.863,0.5052,0.0,0.0,-0.5052,0.863,0.0,0.0,0.0,0.0,1.0,0.0,27.1119,0.0,0.0,1.0]},{"frame":27,"values":[0.8475,0.5308,0.0,0.0,-0.5308,0.8475,0.0,0.0,0.0,0.0,1.0,0.0,27.1119,0.0,0.0,1.0]},{"frame":28,"values":[0.8314,0.5557,0.0,0.0,-0.5557,0.8314,0.0,0.0,0.0,0.0,1.0,0.0,27.1119,0.0,0.0,1.0]},{"frame":29,"values":[0.8147,0.5799,0.0,0.0,-0.5799,0.8147,0.0,0.0,0.0,0.0,1.0,0.0,27.1119,0.0,0.0,1.0]},{"frame":30,"values":[0.7975,0.6033,0.0,0.0,-0.6033,0.7975,0.0,0.0,0.0,0.0,1.0,0.0,27.1119,0.0,0.0,1.0]},{"frame":31,"values":[0.78,0.6258,0.0,0.0,-0.6258,0.78,0.0,0.0,0.0,0.0,1.0,0.0,27.1119,0.0,0.0,1.0]},{"frame":32,"values":[0.7622,0.6473,0.0,0.0,-0.6473,0.7622,0.0,0.0,0.0,0.0,1.0,0.0,27.1119,0.0,0.0,1.0]},{"frame":33,"values":[0.7443,0.6679,0.0,0.0,-0.6679,0.7443,0.0,0.0,0.0,0.0,1.0,0.0,27.1119,0.0,0.0,1.0]},{"frame":34,"values":[0.7263,0.6874,0.0,0.0,-0.6874,0.7263,0.0,0.0,0.0,0.0,1.0,0.0,27.1119,0.0,0.0,1.0]},{"frame":35,"values":[0.7084,0.7058,0.0,0.0,-0.7058,0.7084,0.0,0.0,0.0,0.0,1.0,0.0,27.1119,0.0,0.0,1.0]},{"frame":36,"values":[0.6908,0.723,0.0,0.0,-0.723,0.6908,0.0,0.0,0.0,0.0,1.0,0.0,27.1119,0.0,0.0,1.0]},{"frame":37,"values":[0.6735,0.7392,0.0,0.0,-0.7392,0.6735,0.0,0.0,0.0,0.0,1.0,0.0,27.1119,0.0,0.0,1.0]},{"frame":38,"values":[0.6567,0.7541,0.0,0.0,-0.7541,0.6567,0.0,0.0,0.0,0.0,1.0,0.0,27.1119,0.0,0.0,1.0]},{"frame":39,"values":[0.6406,0.7679,0.0,0.0,-0.7679,0.6406,0.0,0.0,0.0,0.0,1.0,0.0,27.1119,0.0,0.0,1.0]},{"frame":40,"values":[0.6252,0.7805,0.0,0.0,-0.7805,0.6252,0.0,0.0,0.0,0.0,1.0,0.0,27.1119,0.0,0.0,1.0]},{"frame":41,"values":[0.6107,0.7919,0.0,0.0,-0.7919,0.6107,0.0,0.0,0.0,0.0,1.0,0.0,27.1119,0.0,0.0,1.0]},{"frame":42,"values":[0.5972,0.8021,0.0,0.0,-0.8021,0.5972,0.0,0.0,0.0,0.0,1.0,0.0,27.1119,0.0,0.0,1.0]},{"frame":43,"values":[0.5849,0.8111,0.0,0.0,-0.8111,0.5849,0.0,0.0,0.0,0.0,1.0,0.0,27.1119,0.0,0.0,1.0]},{"frame":44,"values":[0.5738,0.819,0.0,0.0,-0.819,0.5738,0.0,0.0,0.0,0.0,1.0,0.0,27.1119,0.0,0.0,1.0]},{"frame":45,"values":[0.5642,0.8257,0.0,0.0,-0.8257,0.5642,0.0,0.0,0.0,0.0,1.0,0.0,27.1119,0.0,0.0,1.0]},{"frame":46,"values":[0.556,0.8312,0.0,0.0,-0.8312,0.556,0.0,0.0,0.0,0.0,1.0,0.0,27.1119,0.0,0.0,1.0]},{"frame":47,"values":[0.5495,0.8355,0.0,0.0,-0.8355,0.5495,0.0,0.0,0.0,0.0,1.0,0.0,27.1119,0.0,0.0,1.0]},{"frame":48,"values":[0.5448,0.8386,0.0,0.0,-0.8386,0.5448,0.0,0.0,0.0,0.0,1.0,0.0,27.1119,0.0,0.0,1.0]},{"frame":49,"values":[0.5418,0.8405,0.0,0.0,-0.8405,0.5418,0.0,0.0,0.0,0.0,1.0,0.0,27.1119,0.0,0.0,1.0]},{"frame":100,"values":[0.5408,0.8411,0.0,0.0,-0.8411,0.5408,0.0,0.0,0.0,0.0,1.0,0.0,27.1119,0.0,0.0,1.0]}]}}],"needInitialSkinMatrix":true}],"actions":null,"metadata":null,"workerCollisions":false}